12006142 12001739
2830410 2830841
20532028 20526976
1606415 1607014
478542 479238
5704446 5703687
688839 688538
482296 482379
1907896 1907528
113323 112703
4191871 4190360
496467 496658
4190251 4194050
1847814 1848815
146352 146268
1168132 1167002
1589928 1592290
3150591 3151377
407840 407999
123104 122918
2118137 2116955
118191 118715
1183620 1183269
4787986 4787088
578769 578443
9576950 9576663
409578 409510
1099301 1100395
1744443 1743878
1470576 1469585
495059 494491
3469251 3468125
5676355 5677259
24968143 24963690
465094 464199
14631261 14624149
777477 777405
1288810 1287865
454248 454209
10175983 10173466
2684978 2685964
7236561 7235923
460052 461260
203687 203958
3453328 3452831
10849538 10845305
6563991 6562377
344473 345125
995167 996125
1477775 1478015
1527905 1527076
227892 227059
4057194 4058821
218495 217830
2127744 2129752
352363 352395
5847294 5847512
4574808 4574215
2960106 2959853
696535 697561
10985259 10981281
4080304 4080258
3985812 3986439
318791 318943
345724 346844
2808251 2808749
382901 384134
13829554 13833931
656986 656430
905201 906023
267527 267292
252515 252450
344845 345311
1606921 1609829
799710 799634
1960363 1958831
854397 853875
10705308 10707480
1947724 1949373
3754156 3756880
2219796 2221809
7460392 7459851
4392674 4395903
8100287 8100221
3009951 3009569
310098 311039
432416 432151
932009 931415
443384 444676
1482516 1482066
878844 878814
2237491 2237355
2913646 2916078
215738 215417
296879 295923
196966 197116
4728205 4729933
1979712 1979104
1152604 1153906
543372 544192
1659677 1657705
315506 315670
347141 348096
5756298 5757382
6790651 6792894
1080222 1080207
2615066 2618951
2730377 2730573
260108 260109
645779 646737
6699269 6695421
338843 337867
8309807 8307580
3907747 3905677
1555733 1556541
760602 762186
532397 531837
2419792 2417371
3747631 3745248
1438877 1439898
8534061 8539173
1468029 1467985
3825290 3827158
169962 169390
723701 724079
3115713 3114169
261667 262591
7606537 7607998
1573832 1574049
1604185 1603766
757932 756778
9451536 9450935
11603929 11608806
181657 181635
152992 152805
723082 721830
11080758 11081879
140556 140322
208400 208585
475629 476308
4300508 4297562
2673859 2672219
265262 265691
363389 362520
5173745 5175560
133703 134340
241256 241850
3474305 3476010
190504 190978
156305 156322
370155 371103
134264 134681
240026 239989
1259734 1259788
8208721 8199280
741696 740621
9062503 9062687
5473287 5472061
3092517 3090463
10360366 10359796
1974431 1975018
14611670 14610036
5369214 5372688
557352 557602
1031316 1030943
18357725 18367985
65958 65508
2303124 2304289
1118774 1118016
4045096 4045433
1157064 1156866
1377266 1376152
3982173 3980887
1278371 1279154
5428746 5424555
5490533 5494031
15068884 15063978
415849 416701
550998 551163
2270381 2270623
2108755 2109771
190196 190246
3337108 3335388
1027559 1029412
8822643 8821402
370348 370377
33140523 33142996
537137 537432
27701520 27695741
1133193 1134617
2084497 2084416
3286757 3286104
382832 381715
1150630 1150631
697145 697468
510626 509686
9408084 9403046
305477 306047
4350084 4353063
313883 314629
613261 614944
20715680 20713083
4362171 4362662
73664 73811
15669886 15674618
442797 443067
19689144 19689529
5697155 5696199
1225605 1224976
15587317 15586473
1820773 1821036
1797435 1796328
1043923 1043470
472132 473251
178712 178273
815280 815633
15194141 15192843
3139810 3139246
195834 195477
1226412 1226892
8752656 8758054
8848035 8849464
568263 568894
334733 334691
9110449 9107660
180563 180319
4498400 4501102
271982 271821
2253296 2255795
1806491 1804567
111624 111882
132239 131899
2599955 2599103
6821612 6821079
5021898 5021036
16363369 16362251
360339 359519
1367902 1367540
257917 257885
562358 562891
317258 317586
958249 959782
2181181 2183199
654746 655505
13313920 13316074
5726334 5727047
11603411 11596993
142575 142261
401419 400959
3277756 3276015
