1.128717852865079863e-01 3.749052265091595837e-01
-8.786025693925161306e-01 -1.017127157418104888e+00
7.544993703392264273e-01 1.093742374817044283e+00
1.593738509299225115e-01 6.005816653239107183e-02
8.569827941434158269e-01 1.063392922790007189e+00
2.765178145561646428e-01 3.654914236558815532e-01
1.616036736974112709e-01 3.664835556789075577e-02
9.298183462805553745e-01 1.076138322274128978e+00
9.919610863889203323e-01 9.849623441626659259e-01
8.816572059570915165e-01 9.271424728313946151e-01
1.029915855922871382e+00 1.107536155164560832e+00
7.787664443968788514e-03 6.401784788760561846e-03
-6.772094280921336917e-01 -7.206793721478642611e-01
4.887214401641495343e-01 5.453827997226859958e-01
-1.136473494727852085e-01 -1.267315705002938775e-02
6.463822480695053940e-01 7.385004856153244424e-01
4.656894174173727974e-01 5.296939875901198747e-01
7.497799912082232510e-01 6.370905689699373209e-01
-6.528419016385562657e-01 -8.717275981417104136e-01
-5.690773717808141896e-01 -8.451696618232914515e-01
-2.316783387517808990e-01 -2.170731351049340341e-02
-5.682710834096660335e-01 -4.536259769044372336e-01
1.281419119114417526e-01 1.889514627562780269e-01
-8.325204969743076333e-01 -9.085257991748802997e-01
-9.135833241341204669e-01 -9.845295599545316190e-01
-9.108193393938437410e-01 -8.570887974377361385e-01
-5.506163770333110108e-01 -8.161436356215233667e-01
-5.867420294389535940e-01 -3.815750154789870896e-01
-6.133110326861697104e-01 -8.792768577746093994e-01
6.808697294490144714e-01 6.524984875554453723e-01
5.097513798250750128e-01 7.228299156446391649e-01
1.059286849160296695e+00 1.068848341656439827e+00
2.015630330419639904e-01 2.535575273759053672e-01
-9.476261440543964909e-02 -8.178393308541745399e-02
3.748339122997563777e-01 2.451471898790718029e-01
9.206562367530635171e-01 8.750086630433820956e-01
1.002103904842428506e-01 -3.355232757678984490e-02
7.495659541190919928e-01 1.059191430880437546e+00
-4.777620609762678328e-01 -1.218227400611824329e-01
6.824872628438262145e-01 5.646334800409060772e-01
-5.201614280874409246e-01 -5.430773255439421687e-01
-1.569012063320727179e-01 -2.342806452909187154e-01
-2.180318199405046897e-01 -2.745954286846905568e-01
-6.130301148400332245e-01 -5.555757102522465019e-01
3.688637356455082283e-01 3.461483644300772378e-01
9.357476583853252539e-01 8.430152402091838360e-01
7.394897841500489566e-01 7.927805892001602572e-01
4.497553344918253093e-01 5.734911757902912965e-01
9.203059789570973148e-01 1.022434225252859985e+00
-7.320623763853681965e-01 -7.564067482068346226e-01
8.690436292141867636e-01 7.023331451464980280e-01
6.779930309229394991e-01 8.004205588495671986e-01
-9.198633193483285453e-02 -1.928623722706239094e-02
-8.598227030310257729e-03 -1.000323966001345627e-01
3.110366279470035411e-01 2.575669865705529915e-01
2.677211110196356936e-01 3.532824502076106210e-01
4.473783888281941956e-01 4.980609497512820671e-01
-9.942566653108320107e-01 -1.082854529343289185e+00
-5.183727207620396626e-01 -4.692142902560319517e-01
1.024491887518169886e+00 1.028733754924187949e+00
1.037869635027139692e+00 8.307303106191377129e-01
-5.483813149356289163e-01 -3.533101778927978387e-01
-8.969824662549186201e-01 -9.383998686697107017e-01
-2.627921009902767224e-01 1.899867313825131521e-01
8.821609539008017364e-01 1.110864161986962362e+00
5.522054299024095059e-01 7.278138745688382816e-01
8.973083096926162128e-01 9.286308122697645162e-01
-5.584730907391284305e-01 -3.039190287750271890e-01
5.350337836173535422e-01 4.629408293175669709e-01
6.607217891341403693e-01 7.519996592443856098e-01
-6.650366892140944231e-01 -7.193722044655971315e-01
1.244561016157822997e-01 1.324418293468832275e-01
-8.909614677892268020e-01 -8.955303228850871600e-01
9.358778323925367459e-01 9.533405028668860970e-01
7.063108031405125331e-01 7.493093545141820133e-01
5.430135285478883134e-01 4.867322213717119594e-01
2.853690108859692764e-01 2.773598300336750366e-01
-9.478587568490306481e-01 -1.018084694197796569e+00
2.328278737470779181e-01 2.177147002425951217e-01
1.147216372604262791e-01 2.869616497910915109e-02
2.116375172029504315e-01 2.842274171282466733e-01
-7.167712665344829759e-01 -7.583578065675147251e-01
-9.249301804983875996e-01 -8.816099410529787406e-01
5.488539993013468177e-01 5.853423142933271706e-01
-1.932463936694119866e-01 -2.382389688264492655e-01
-8.458850707344740538e-01 -9.522532411826876153e-01
-2.586093840234724439e-01 -1.547376586548084854e-01
7.563953826430012128e-01 6.876455491940314246e-01
9.123295701671878533e-01 8.959875563521390029e-01
-4.993063452187485041e-01 -5.175898065140697168e-01
-7.953794783163754545e-01 -7.227639175359248380e-01
-3.766062530224445482e-01 -4.985411732497694870e-01
8.695184130837612102e-01 9.591539246824585252e-01
3.552748692153832877e-02 -1.630229286151807511e-03
1.057574759859945868e+00 1.156324454310359684e+00
2.248451836604381526e-01 1.473304154296729562e-01
-8.763423434980133209e-02 -2.407626493548405966e-01
-8.751001842056296276e-01 -7.552049700595653281e-01
-9.845812143738051914e-01 -1.009224457064602065e+00
6.841048570786411043e-01 6.309547218352126174e-01
-7.645767596786345877e-01 -6.698717924697330517e-01
6.308163394192106699e-02 -3.358164709591815456e-02
9.130504691899783420e-01 1.026991878431672722e+00
3.061040103096518417e-01 4.172936531238726765e-01
8.013395958833373633e-01 8.830596128733222416e-01
-9.791399262462108233e-01 -1.129842730824631936e+00
-5.515919499007062576e-01 -2.850549074106288883e-01
-2.704720596425076451e-01 -2.661656944048068074e-01
7.546908664749203410e-01 6.584429612427107337e-01
-8.092745005821111448e-01 -7.019461411495508951e-01
4.448485282660286089e-02 -1.767666429353571822e-02
-8.880827438926224282e-01 -1.019538891124712965e+00
4.949296084625505188e-01 6.540707864128286753e-01
6.769527155860159962e-01 6.045902358260517584e-01
-9.128144064473735497e-01 -9.306994277603006793e-01
-8.964110229672845875e-01 -1.156469701108216119e+00
4.041026092463777530e-01 3.397044630008627664e-01
1.149506285224539681e-01 6.221052806473940239e-02
4.039584051596989411e-03 -7.406161157604444767e-03
5.127154094053025801e-01 7.776514065100487150e-01
-4.341715981878362385e-01 -3.253848373966103380e-01
1.862092281686736905e-01 1.099259464857219315e-01
2.041879073362196095e-02 9.226026207439926366e-03
-3.285379467951656807e-01 -6.244387702219122982e-01
3.055276777715629777e-01 5.037130882979860003e-01
-2.559600306316660578e-01 -2.500065377017262058e-01
-4.197806381652000596e-01 -5.538947224750813136e-01
5.987961187830329601e-01 7.986128972450601271e-01
-7.943543381173281404e-01 -7.507415150616927324e-01
1.053776934988746694e+00 7.941044368538291431e-01
1.783133761898201275e-01 1.815948650242870110e-01
1.554559378537052894e-01 1.575408376128241139e-01
-3.283140269369440034e-01 -2.714391385911497645e-01
2.052158582299341560e-01 2.376197964904175342e-01
4.491976060380589719e-02 -2.119770338284186206e-01
1.462033375015394931e-01 3.990168901557602510e-01
-9.356877161630152706e-01 -8.164287415106399326e-01
-8.247470137362089559e-01 -7.016875255623782337e-01
9.102449628628113132e-01 8.852895401364822003e-01
1.026582861134312186e+00 7.554097614830235230e-01
-5.973163230590543549e-01 -5.928754714641797374e-01
-9.747447408740872454e-01 -1.082513649771953190e+00
7.157163812116578150e-01 7.226004513586163913e-01
8.576152467847357741e-01 1.063406438412463073e+00
-5.514188389494956155e-01 -4.176702249234512943e-01
-7.207485272458029613e-01 -7.675098998771350267e-01
2.680612294083722924e-01 2.926824184393218564e-01
-7.093745091029202143e-01 -1.009014038127628465e+00
-7.591938601527850050e-01 -7.169545123795979524e-01
4.082553006714704225e-01 3.718707735107107948e-01
-9.853975605041402908e-01 -9.284148906301482596e-01
-7.739555654322156641e-01 -5.636047611155220460e-01
4.831726780360545703e-01 5.101912269145857382e-01
5.290849021148265052e-01 4.683426819799616503e-01
9.313304355784325361e-01 1.057071998625711107e+00
-7.190956476994827540e-01 -7.113953304723625859e-01
-6.269654025651654194e-01 -5.821605536639206102e-01
4.851354575894150090e-01 5.761045584471209402e-01
4.659932890642615178e-01 3.838615205489844251e-01
2.730176336564981154e-01 3.196976421939792257e-01
9.538825963608310587e-02 1.247512518848717389e-01
-2.394386548586622254e-01 -2.062472964764244798e-01
9.797815045341842222e-01 9.753219449644519035e-01
6.645270457861637836e-02 4.016870331538546779e-02
6.153249177641875178e-01 6.247986070666823322e-01
-9.317982510089644066e-01 -8.666504472684914973e-01
-6.948467575943233498e-01 -6.025880317576286505e-01
-3.008789422377731171e-01 -2.286013485171773940e-01
9.425318768935507796e-01 1.132613622891115002e+00
-6.724345646838507662e-01 -5.882696217793674798e-01
1.627475589276912160e-01 2.268746111382054509e-01
8.861893381965626482e-01 1.016846234809554828e+00
5.126162222079848618e-01 7.248841058852348862e-01
4.574917787587402529e-01 3.242945092623634729e-01
7.819842776826246844e-01 6.658116000676478352e-01
-7.106431986742620666e-01 -6.753079300302233801e-01
-1.916562874371985359e-01 -6.167321020755588135e-02
7.534745872532448985e-01 8.455208929165235476e-01
-1.344748840049510008e-01 -1.294393236454783880e-01
-6.708886636250390723e-01 -7.204929086167015662e-01
4.450276657862642371e-02 9.086427970344285177e-02
3.300845806269556704e-01 2.663930510322404799e-01
-6.354322552496198817e-01 -7.239888308192647948e-01
7.562689265095414726e-01 8.680040756319420403e-01
2.546356265896143611e-01 2.689951134962223489e-01
-8.420310856722261761e-01 -1.068398859549184010e+00
-9.555837796313397803e-01 -1.034952269190555274e+00
4.196287920483534606e-01 3.464157988228142582e-01
-6.365406748771924583e-01 -5.391059739585190025e-01
2.939017104531818636e-01 3.169287458163916327e-01
7.735346267762430728e-01 1.048441225085289918e+00
-9.718890132743398524e-01 -9.912227403881956889e-01
3.302352775866523871e-02 1.787043902999419231e-01
8.225236740307160233e-01 1.003846567434447667e+00
6.862268197774377132e-01 6.443961881490459787e-01
3.015216248422241119e-01 2.911506388928802314e-01
1.364432649846206713e-01 1.468111968014751689e-01
-5.928198080723143804e-01 -5.075195167042497735e-01
3.132801851382467362e-01 5.547314586853355767e-01
1.038496552847407717e+00 9.883527782807036699e-01
